00000001
00000000
01000000
11111000
00000010
00000010
00100000
01000000
11111000
00000011
01000000
01000000
11111000
01000100
00000000
00000011
11001011
00000100
00000001
00000000
10110100
01000100
00000000
00000011
11001011
10000101
00000000
00000001
10001010
01100101
00000000
00000000
10110100
01100011
00000000
00000010
11001011
11111010
11111111
11111111
00010111
01000010
00000000
00000011
11001011
11111000
11111111
11111111
00010111
00000010
01000000
00000000
11111000
00000000
00000000
00000000
00010100
